SCREEN_THICKNESS, Result
1.0, 0.0024722858097331072
1.2, 0.0023718916198756075
1.4, 0.002303106728077246
1.6, 0.0022530605689288076
1.8, 0.00221502547717312
2.0, 0.002185146328938576
2.2, 0.0021610566924546203
2.4000000000000004, 0.002141224084851755
2.6, 0.0021246126176738115
2.8, 0.0021104970501636885
3.0, 0.002098354528637662
3.2, 0.002087798628530678
3.4000000000000004, 0.002078537601573858
3.6, 0.0020703470661005293
3.8000000000000003, 0.0020630516314018364
4.0, 0.002056512223719679
4.2, 0.0020506171520094994
4.4, 0.002045275686746325
4.6, 0.0020404133642104904
4.800000000000001, 0.0020359684986460368
5.0, 0.0020318895547793243
5.2, 0.002028133142982367
5.4, 0.0020246624718236053
5.6000000000000005, 0.0020214461421676874
5.800000000000001, 0.002018457203611406
6.0, 0.0020156724267871226
6.2, 0.002013071784564148
6.4, 0.0020106381931102053
6.6000000000000005, 0.0020083576514063027
6.800000000000001, 0.0020062200404065097
7.0, 0.002004220995061179
7.2, 0.002002365424332865
7.4, 0.0020006733940721726
7.6000000000000005, 0.001999189167928186
7.800000000000001, 0.001997994188930789
8.0, 0.00199722465933798
8.2, 0.001997094138117795
8.4, 0.001997921243845946
8.600000000000001, 0.002000162161467487
8.8, 0.0020044472490152727
9.0, 0.0020116206705000244
9.200000000000001, 0.0020227816822902234
9.4, 0.0020393260001003322
9.6, 0.002062985585476495
9.8, 0.0020958652146635184
10.0, 0.00214047431800253
