SCREEN_THICKNESS, Result
1.0, 0.02196764543765878
1.5, 0.015375538154989482
2.0, 0.012911507726271042
2.5, 0.011645988540625629
3.0, 0.010880528065496877
3.5, 0.010369081392660618
4.0, 0.01000372953132589
4.5, 0.00972992009731945
5.0, 0.009517182991079683
5.5, 0.009347189038226254
6.0, 0.00920826172309264
6.5, 0.009092614913490237
7.0, 0.008994859562399888
7.5, 0.008911148379740464
8.0, 0.008838662040491682
8.5, 0.008775288875500189
9.0, 0.008719424521686541
9.5, 0.00866987002828567
10.0, 0.008625865607409692
