SCREEN_THICKNESS, Result
1.0, 0.02196764543765878
1.1, 0.019915969687090494
1.2, 0.01836014947130907
1.3, 0.017144439675517466
1.4, 0.01617098017237113
1.5, 0.015375538154989482
1.6, 0.01471438559947553
1.7000000000000002, 0.014156818521502976
1.8, 0.01368069864521894
1.9, 0.013269693061373327
2.0, 0.012911507726271042
2.1, 0.012596723795858647
2.2, 0.012318011265336198
2.3, 0.012069585400994001
2.4000000000000004, 0.011846823315785049
2.5, 0.011645988540625629
2.6, 0.011464029893309314
2.7, 0.0112984323946291
2.8, 0.011147105249721385
2.9000000000000004, 0.011008296625020893
3.0, 0.010880528065496877
3.1, 0.010762543491335512
3.2, 0.010653269144756642
3.3000000000000003, 0.010551781850767153
3.4000000000000004, 0.010457283654146504
3.5, 0.010369081392660618
3.6, 0.010286570125211166
3.7, 0.0102092195952198
3.8000000000000003, 0.010136563102237027
3.9000000000000004, 0.010068188298072036
4.0, 0.01000372953132589
4.1, 0.009942861445722432
4.2, 0.009885293599773847
4.300000000000001, 0.009830765923196145
4.4, 0.009779044862517797
4.5, 0.00972992009731945
4.6, 0.009683201731138773
4.7, 0.009638717879142354
4.800000000000001, 0.00959631258882109
4.9, 0.00955584404143855
5.0, 0.009517182991079683
