0.006525
0.008525
0.008025
0.0111
0.004725
0.0085
0.008725
0.0085
0.008225
0.008625
0.0094
0.0089
0.018225
0.004625
0.0174
0.005
0.0086
0.0081
0.027
0.005225
0.0055
0.006525
0.013225
0.005225
0.0114
0.011025
0.008725
0.009625
0.003025
0.006525
0.0069
0.0059
0.014525
0.0104
0.011225
0.0051
0.0079
0.001225
0.0054
0.0104
0.0086
0.005125
0.0104
0.004225
0.004525
0.005525
0.008725
0.005025
0.008725
0.009125
0.008025
0.010625
0.015225
0.0091
0.0081
0.0105
0.0115
0.007725
0.006025
0.009025
0.012525
0.004525
0.004225
0.016125
0.0095
0.008725
0.0074
0.0046
0.007
0.013225
0.011525
0.005725
0.0054
0.0106
0.0014
0.0059
0.003025
0.0054
0.0161
0.006625
0.0125
0.012725
0.0141
0.010225
0.016025
0.005125
0.0071
0.0054
0.010525
0.0101
0.0084
0.004525
0.0041
0.008725
0.009625
0.006025
0.0069
0.010025
0.0136
0.010525
