0.0109
0.009725
0.012725
0.0101
0.005725
0.0131
0.008625
0.0105
0.0085
0.0161
0.0046
0.016025
0.0065
0.0064
0.0186
0.0096
0.0055
0.0109
0.0169
0.007225
0.019025
0.0096
0.0054
0.0104
0.0216
0.0114
0.008025
0.0134
0.006025
0.0071
0.0106
0.007525
0.010625
0.0099
0.0086
0.0129
0.0101
0.0181
0.013225
0.006
0.011725
0.0036
0.015125
0.007125
0.020525
0.010625
0.0161
0.010725
0.0176
0.013225
0.009625
0.0066
0.016225
0.015
0.014125
0.0144
0.005225
0.010225
0.0144
0.009725
0.009225
0.013525
0.015525
0.008625
0.005125
0.0034
0.003525
0.005
0.005
0.019125
0.005625
0.0335
0.0111
0.0131
0.0085
0.006225
0.0149
0.022225
0.0044
0.012525
0.010525
0.015225
0.006725
0.009525
0.014025
0.0165
0.0084
0.019725
0.0094
0.0094
0.013
0.010025
0.013625
0.004125
0.0105
0.016225
0.015025
0.01
0.003525
0.008025
